-70.96480560302734	-76.60030364990234	-93.88102722167969	-93.22622680664062	-81.60013580322266	-80	-79.11526489257812	-77.82752990722656	-74.07625579833984	-63.0319709777832	-52.32540512084961	-34.63613128662109	-24.87868690490723	-8.305639266967773	-8.82644271850586	-5.480099678039551	-38.43501663208008	-75.63353729248047	-85.14583587646484	-94.57495880126953
-68.87036895751953	-64.42455291748047	-71.58976745605469	-73.25782012939453	-73.70357513427734	-77.42455291748047	-74.0445785522461	-69.60340881347656	-59.94202423095703	-53.7590217590332	-43.40239334106445	-12.65555191040039	0	0	0	41.49581909179688	0	-13.32328796386719	-62.50549697875977	-83.03162384033203
-68	-68.031982421875	-72.39710998535156	-66.03731536865234	-75	-74	-71.74779510498047	-59.59108352661133	-58.43169784545898	-37.79345703125	-17.77839851379395	0	20.87271499633789	71.92341613769531	85.46503448486328	87.55021667480469	108.4514389038086	131.2929382324219	-11.39945507049561	-74.79623413085938
-68.30533599853516	-68.88072967529297	-68.28604125976562	-68.58611297607422	-64.53807830810547	-57.01132965087891	-59.488525390625	-57.6839485168457	-48.08628082275391	-3.007808208465576	0	30.93015670776367	63.69630432128906	169.4205017089844	232.4312286376953	286.4877319335938	305.120849609375	277.3318786621094	-3.377100467681885	-48.55759811401367
-71.3409652709961	-75.76249694824219	-65.66210174560547	-62.05320739746094	-58.43357849121094	-55.05129241943359	-55.43126678466797	-43.85149002075195	-24.10529136657715	0	32.89229965209961	67.32389068603516	153.3017272949219	294.0751037597656	449.5015563964844	540.8351440429688	231.1965179443359	61.20530700683594	0.8995656967163086	-7.942778587341309
-66	-69.1422119140625	-60.77927017211914	-53.85889434814453	-43.34875106811523	-46.16211700439453	-39.43072128295898	-28.16396713256836	-1.508546471595764	0.135966882109642	49.46233749389648	110.463493347168	214.1528015136719	409.439697265625	687.175537109375	730.0972900390625	105.4709396362305	78.07743072509766	11.18607330322266	0
-60.01328659057617	-55.5528450012207	-48.72797775268555	-38.48927307128906	-32	-33.13821029663086	-30.37106132507324	-6.452717304229736	0	17.21748733520508	72.71885681152344	117.9034576416016	355.7210998535156	712.3472900390625	815.0177612304688	301.3816223144531	374.5002746582031	414.0708618164062	102.1197357177734	263.5299682617188
-44.52172470092773	-38.56990432739258	-32.22397613525391	-28.62418937683105	-27.66672134399414	-25.25874519348145	-15.91918277740479	-2.657397985458374	0	0	23.25740623474121	237.506103515625	841.5072021484375	954.6568603515625	909.124755859375	725.9052124023438	847.84423828125	523.9568481445312	301.3480529785156	247.5318450927734
-24.87504196166992	-19.37399482727051	-18.08945083618164	-13.48957061767578	-14.64104270935059	-6.894076824188232	-0.1160179749131203	0	10.21435737609863	142.7163848876953	0	224.8794555664062	176.2000427246094	310.2134399414062	425.4916076660156	647.1192016601562	751.7900390625	299.3745422363281	336.8171997070312	329.2500305175781
-3.525637149810791	-1.400506138801575	-0.9149938225746155	0	0	0	62.94640731811523	50.121337890625	112.1384353637695	318.4130249023438	0	3.119594573974609	12.47770309448242	154.1068725585938	365.6573486328125	388.4069519042969	400.0222778320312	471.0273742675781	285.827880859375	278.7026977539062
4.904640197753906	9.763856887817383	19.22011566162109	65.02576446533203	37.46422576904297	160.6016387939453	181.0693511962891	222.5291748046875	109.3885116577148	48.42330169677734	57.06069946289062	0.7809280157089233	3.823004484176636	11.63810920715332	191.1006164550781	221.1527252197266	413.772216796875	164.5872955322266	74.96544647216797	48.16948318481445
15.66166591644287	18.09225463867188	21.59786796569824	53.66947555541992	125.1929779052734	169.3015899658203	189.6150512695312	237.2046508789062	220.4673614501953	22.18118858337402	0	10.14344692230225	1	10.47992706298828	131.2252044677734	93.05986022949219	71.21446990966797	39.1287841796875	31.89766120910645	69.25283813476562
29.08645629882812	34.3223991394043	36.91861724853516	58.6856689453125	169.0968017578125	217.0325775146484	252.5026550292969	234.3949890136719	233.1232757568359	23.9953498840332	10.66164302825928	12.22921562194824	14.47770309448242	5.866503238677979	4.202139377593994	0.9508427381515503	18.5286922454834	21.12025833129883	23.75741195678711	25.04956436157227
41.17525482177734	47.5673942565918	56.82441711425781	60.81203842163086	135.7824249267578	223.4462738037109	255.1315307617188	243.5370025634766	194.1649932861328	6.085019588470459	8.330812454223633	5.65808629989624	1.796273827552795	13.22942543029785	15.80724906921387	11.7222261428833	18.04042625427246	18.90128517150879	70.55011749267578	270.0137634277344
60.22134780883789	56.34358978271484	69.59529876708984	74.6865005493164	116.0648422241211	239.7916717529297	240.1468353271484	237.4585571289062	58.3537712097168	11.18606281280518	2.783764362335205	12.25325679779053	11.35587882995605	16.18742370605469	18.21097755432129	46.03685760498047	175.6208038330078	120.0538482666016	168.6555328369141	363.051025390625
84.83628845214844	86.57762908935547	83.40630340576172	92.134521484375	85.09153747558594	186.0265808105469	201.0931396484375	88.06263732910156	159.1115570068359	13.09333896636963	13.61500549316406	15.88730907440186	15.70191478729248	19.85638618469238	69.60491180419922	96.04002380371094	83.40415954589844	132.8636322021484	81.45954895019531	79.25708770751953
101.3911285400391	111.897087097168	97.80946350097656	118.0449371337891	102.1865539550781	160.0994873046875	119.6905212402344	295.4974975585938	92.97146606445312	22.66903114318848	30.47786140441895	32.71137237548828	40.93263626098633	39.10126113891602	22.8885498046875	30.30107688903809	198.6375885009766	219.7213439941406	275.4985656738281	190.6416015625
127.2247619628906	127.4068145751953	122.8248062133789	117.2207107543945	109.0964126586914	101.4664001464844	148.201416015625	55.07469177246094	12.86672973632812	18.40532684326172	79.33021545410156	247.0585021972656	115.657585144043	22.46001052856445	75.28219604492188	211.8434753417969	362.8185424804688	624.6551513671875	315.1462707519531	322.33642578125
146.3203430175781	147.38525390625	148.0742340087891	132.8805999755859	127.4927368164062	73.21540069580078	43.75745010375977	32.37484359741211	75.25499725341797	251.6597137451172	288.1779174804688	80.35553741455078	124.4903869628906	114.5842208862305	122.6315383911133	187.4119110107422	423.7322998046875	449.4057922363281	420.33154296875	462.5623168945312
161.3847503662109	172.926025390625	146.8671569824219	147.1578216552734	81.32396697998047	63.78825378417969	105.3945999145508	112.888557434082	106.1233978271484	126.468017578125	163.2665405273438	316.7673950195312	473.6838073730469	87.50146484375	66.8532485961914	599.8903198242188	567.7969360351562	289.0357360839844	265.1258544921875	214.2326049804688
